0.05084218706
0.02623127836
0.017933001
0.01382518216
0.01127864508
0.009612083883
0.008437360096
0.00752701007
0.006860187756
0.006288160808
0.005813737766
0.005082420282
0.004582102109
0.004167857871
0.003833857905
0.003467373077
0.003177723906
0.00294960817
0.002697485797
0.002472579768
0.002293521789
0.002124864774
0.001976772566
0.00186006665
0.001745321676
0.001645560794
0.001552253558
0.001476125543
0.001406017304
0.001341477153
0.001284736714
0.00123106322
0.001184251346
0.001141687015
0.001103750571
0.001068421447
0.001031043798
0.0009928731452
0.0009534698642
0.0009145115982
0.0008765088418
0.0008416534809
0.0008102099457
0.000779024355
0.0007489937866
0.000718339578
0.0006871336199
0.0006555509184
0.0006291791828
0.000604244137
0.0005821377349
0.0005616252659
0.000541303046
0.0005173214963
0.000491073706
0.0004618370874
0.0004321298335
0.0004050235987
0.0003799169582
0.0003574372404
0.0003367599305
0.0003147772536
0.0002942112513
0.0002753311314
0.0002584469638
0.0002427328142
0.0002277651309
0.0002156957762
0.0002059162426
0.0002006259498
0.0001957408287
0.000194453389
0.0001902492316
0.0001842054984
0.0001753702041
0.0001649170577
0.0001514300239
0.0001335396862
0.0001079489656
8.6572573e-05
7.129687959e-05
6.055716508e-05
5.894547839e-05
6.212338155e-05
5.613130209e-05
5.470158927e-05
5.733472343e-05
6.10770409e-05
6.690223255e-05
7.386691805e-05
7.545075092e-05
7.048598721e-05
