2162.157293
1508.817043
1226.450578
1059.760152
946.6070726
863.3607557
798.8117176
746.8688125
703.8999077
667.5870871
636.3723679
585.1743147
544.6341877
511.5032174
483.7689428
460.1094312
430.3460493
405.7046465
378.6042901
356.3033416
337.534503
317.7816195
298.1156988
279.2275503
261.5027576
246.7825308
231.4706056
217.5408076
204.8952033
191.8209653
180.3195216
169.5776054
159.1965754
149.7739003
140.6089455
131.928008
124.0559498
116.5754075
109.5890282
103.0162071
96.8178979
90.97729897
85.55516804
80.45649859
75.6822693
71.19100414
66.96329318
63.0427878
59.35523646
55.90178451
52.66640195
49.6522838
46.8172016
44.17529602
41.7099246
39.40585516
37.25952196
35.25229614
33.38762913
31.65229545
30.03897795
28.54307255
27.1539165
25.86799873
24.67865293
23.58087231
22.56860297
21.63739041
20.7814666
19.99736236
19.27971978
18.62423568
18.02718449
17.4841738
16.99143234
16.54548695
16.14267955
15.77973467
15.45349083
15.16093248
14.89935595
14.6661065
14.45874067
14.27504936
14.11298381
13.97066487
13.84642188
13.73873157
13.64625869
13.5678356
13.50244251
