2066.623217
1459.549704
1191.589866
1032.108286
923.5753893
843.4539418
780.8314642
730.6389467
688.6077885
653.0300179
622.4499673
572.6524477
533.1771267
501.0094186
474.2357589
441.0623332
413.8846022
391.4297556
366.4473899
341.2818167
320.7967052
300.8164518
281.7239887
265.771155
248.5217011
232.7120244
217.1807609
203.2191761
190.3509149
178.4872878
167.8297107
157.1604852
147.8668222
139.3165119
131.5752402
124.5230057
117.9708247
112.0663918
106.1360014
100.5036974
95.41562407
90.89004044
86.83830273
83.03531269
79.46979576
75.85841785
72.25216847
68.67428542
65.42946135
62.68841849
60.17124207
57.74639731
55.04187156
52.17024967
48.83582125
45.51676102
42.12764013
39.1184135
36.31689433
33.95259661
31.88580795
29.62469602
27.70006798
26.35039665
24.94124844
23.38279272
22.17094596
21.32610696
20.73863642
20.77229955
20.86299293
20.78418089
20.10357036
19.12830297
17.77360333
16.42151423
15.0455499
13.66574177
11.98384877
10.97880855
10.6155848
10.10347258
9.519787786
9.043067324
8.171493239
7.460534317
7.25221132
7.56444348
8.45375931
9.516144607
9.122964263
7.948850429
