2059.679901
1455.764041
1188.449638
1029.151126
920.4597771
840.236079
777.8910229
727.6389262
686.0161516
650.805705
620.5139485
570.7828588
531.3652189
499.1273684
472.1247592
438.7525503
411.5845613
388.9095467
363.7903448
338.3171354
317.5406293
297.0315478
277.4861407
261.3523885
244.2265976
228.6544331
213.3933368
199.8801946
187.0813831
175.1799786
164.2385609
153.3874914
143.7310821
134.530707
125.9434977
117.8375899
110.1599866
103.1568876
96.48011292
90.24977371
84.44218958
79.03936923
73.9765816
69.22229445
64.7619491
60.58810854
56.69485604
53.03976251
49.63228794
46.4487765
43.4562795
40.66410918
38.05387275
35.60453753
33.31494317
31.175612
29.17163206
27.2977783
25.54638116
23.90451265
22.3711021
20.93561055
19.59251308
18.3363147
17.16132024
16.06176253
15.03401511
14.07240778
13.17329095
12.33244203
11.54634853
10.81113855
10.12391312
9.481536369
8.88122109
8.320205476
7.796095689
7.306649186
6.84960776
6.423006777
6.025035797
5.653935586
5.308127338
4.986108367
4.686526496
4.408143875
4.149808378
3.910491892
3.689249093
3.485262187
3.29779158
3.126209838
