0.4331485431
0.2176726877
0.1458557411
0.1099534268
0.08841689047
0.07406318104
0.06381389155
0.05612981899
0.05015585102
0.04537892062
0.041472531
0.03546769122
0.03106975738
0.0277114295
0.02506427446
0.02200246173
0.01968203653
0.01786441515
0.01597823714
0.01420335726
0.01285953758
0.01162546828
0.01053580808
0.009700593449
0.00887827431
0.008188543374
0.007566627448
0.007060853188
0.00662081
0.006245618041
0.005929439461
0.005642805491
0.005409962669
0.005207230628
0.005034461579
0.004885570065
0.004756886209
0.004649647747
0.00455611538
0.00447624269
0.004408004209
0.00434971963
0.004299496368
0.004256075812
0.004218530724
0.004186110405
0.004158166427
0.004133895495
0.004112939016
0.004094782697
0.004078942528
0.004065214188
0.004053282273
0.004042865942
0.004033802223
0.004025913827
0.004019027495
0.004013024188
0.004007790842
0.004003213835
0.003999225184
0.003995740653
0.003992698457
0.003990044092
0.003987729201
0.003985711343
0.003983957172
0.00398243436
0.003981118289
0.003979987344
0.003979024713
0.003978216922
0.003977555501
0.003977035808
0.003976658128
0.003976428119
0.003976358004
0.003976467742
0.003976787
0.003977357611
0.003978236747
0.003979501468
0.003981254127
0.003983630108
0.003986807083
0.003991017439
0.003996564749
0.00400384379
0.004013367902
0.004025800873
0.004042001113
0.004063072369
