2652.215248
1692.842212
1432.661408
1324.378956
1268.635102
1235.912543
1214.906289
1200.518491
1190.168802
1182.433197
1176.47114
1167.956168
1162.227143
1158.144923
1155.107058
1152.768329
1150.132091
1148.188161
1146.2798
1144.876162
1143.80319
1142.773962
1141.844709
1141.036129
1140.347485
1139.824241
1139.324335
1138.906943
1138.557461
1138.224318
1137.954002
1137.720061
1137.510415
1137.333687
1137.173831
1137.033089
1136.914234
1136.808862
1136.716997
1136.636249
1136.565076
1136.502375
1136.447918
1136.39998
1136.357947
1136.320917
1136.288284
1136.259953
1136.235013
1136.213175
1136.194074
1136.177495
1136.163014
1136.150546
1136.139873
1136.130826
1136.123311
1136.117218
1136.11254
1136.109253
1136.107395
1136.107051
1136.108363
1136.111541
1136.116884
1136.124788
1136.135791
1136.150582
1136.170088
1136.195454
1136.228218
1136.27034
1136.324301
1136.39336
1136.48167
1136.594519
1136.73878
1136.923218
1137.159108
1137.46097
1137.847288
1138.341937
1138.975579
1139.787409
1140.827725
1142.161107
1143.869964
1146.060057
1148.86625
1152.460265
1157.061147
