2065.76131
1458.75499
1189.36702
1030.189095
921.7085022
841.4352359
779.0791578
728.9406358
687.3328307
652.2525787
622.1060153
572.1401611
532.200775
499.4374859
471.974045
448.4256173
418.8255915
394.072729
366.8779033
344.7836059
326.3742898
307.2431883
288.4071513
270.5500274
254.0204112
240.3087514
225.9451955
212.5883009
200.5328074
188.0101042
176.6106775
165.8854435
155.6053
146.4900787
137.7044176
129.6937755
122.7494646
116.1878008
109.5978899
103.3433304
97.37024334
91.31496753
85.70587427
80.40255486
75.58215521
70.70408843
66.1761605
62.09855169
58.19443266
54.48525346
50.77292453
47.36710765
44.1662091
41.17130402
38.16208506
35.36545217
33.09633318
31.06090848
29.09389677
27.16877203
25.45351036
24.37928799
23.6081846
22.76967423
21.92254677
21.24733295
20.56889679
19.91383396
19.1768636
18.46145537
17.72538156
16.95520396
15.97650398
15.08073104
14.05480459
12.95054712
11.5604207
10.47129994
9.556974516
8.077830744
7.000020581
6.83998827
7.302126286
7.263611252
7.28056858
7.473435783
7.520881773
7.312429505
7.337649978
7.554010722
7.875128897
