0.01017943572
0.007143762253
0.005818935785
0.00503318557
0.004497933757
0.004103862971
0.003799754259
0.003553748175
0.003349953079
0.003178221298
0.003030855437
0.00278802782
0.002595523985
0.00243822707
0.002306392715
0.002194433318
0.002053137932
0.001935167609
0.001805642638
0.001699353762
0.001609229581
0.001514713982
0.001419863023
0.001327609444
0.001243059191
0.001173298534
0.001100485424
0.001034755125
0.0009760333153
0.000915511108
0.0008602986641
0.000808534873
0.0007579094949
0.0007113225992
0.000666059929
0.0006231974124
0.0005851603396
0.0005503905061
0.0005196251546
0.0004908186317
0.0004635293875
0.0004375882268
0.0004133749233
0.0003896070411
0.0003662034452
0.0003448151911
0.0003234038707
0.0003027704475
0.0002815056022
0.0002610891872
0.0002416846779
0.0002243491965
0.0002087970265
0.000194810771
0.0001821046096
0.000169101191
0.0001575367244
0.0001456208054
0.0001358800994
0.0001291913027
0.0001247845873
0.0001204408018
0.0001157373921
0.0001109330156
0.0001057191505
0.0001007981334
9.547002239e-05
8.961094545e-05
8.443950851e-05
7.916208201e-05
7.378837772e-05
6.982954998e-05
6.689366558e-05
6.447763028e-05
6.194228237e-05
5.87718161e-05
5.556893968e-05
5.466590123e-05
5.423218258e-05
5.401822645e-05
5.470546071e-05
5.582092551e-05
5.608248479e-05
5.435217051e-05
5.105015642e-05
4.704530007e-05
4.334747129e-05
4.023833355e-05
3.800533789e-05
3.500737759e-05
3.418490347e-05
