2610.289151
1856.742338
1528.008255
1334.458947
1206.395554
1116.060588
1050.263594
1000.316748
961.9688501
931.3796456
907.3137368
873.2570621
852.9349347
841.4322136
836.115665
835.6212366
840.4953977
849.3921548
865.0401077
883.0389663
901.9876381
925.6878924
953.6261567
984.9213341
1018.337213
1049.065407
1083.447596
1116.490821
1147.088629
1178.392902
1205.436782
1230.141543
1252.964919
1272.15306
1289.350407
1303.242315
1312.95036
1318.659986
1321.050139
1321.42078
1320.814675
1321.207373
1324.067511
1328.758274
1333.01713
1336.712556
1340.794422
1343.964725
1344.845113
1344.824621
1346.908108
1350.781309
1354.766396
1353.162249
1339.516346
1310.183924
1263.742552
1200.058755
1125.705248
1051.761075
983.0729926
920.9774274
867.7099467
819.9489161
767.5285364
724.6389886
694.1077642
661.0758255
635.7127055
616.7220354
610.276987
603.3897202
616.1037618
629.3065873
636.9684298
635.3629147
614.0340964
582.6287124
543.7233285
502.8000851
457.3818105
387.9534949
304.1062214
234.193429
200.9641404
171.4692969
172.5202268
185.6371455
183.7765227
171.4068867
179.377628
