0.05686538705
0.02881924011
0.01946798051
0.01479051681
0.01198262716
0.01010956822
0.008770733571
0.007765818255
0.006983540324
0.006357129421
0.005844094322
0.005053553873
0.00447244936
0.004026936141
0.003674255973
0.003264016592
0.002950812867
0.002703553472
0.002444528892
0.002197661469
0.002007951749
0.001830804476
0.00167120935
0.001546161689
0.001419950668
0.001310942484
0.001209356312
0.001123687309
0.001046218905
0.0009773657398
0.0009167638875
0.0008592167469
0.0008101562325
0.0007653174257
0.0007251709958
0.0006888170886
0.0006558029215
0.0006269315769
0.0006005495775
0.000576978965
0.0005559571689
0.0005372594822
0.0005205238198
0.0005055308118
0.0004921296454
0.0004801975108
0.000469619623
0.0004601929426
0.0004518609101
0.0004444878437
0.0004379310377
0.0004321494868
0.0004270461623
0.0004225288472
0.0004185490345
0.0004150467388
0.0004119589872
0.0004092433094
0.0004068571629
0.0004047553739
0.0004029118664
0.0004012916874
0.0003998691025
0.0003986208644
0.0003975258473
0.0003965650571
0.0003957232431
0.0003949850949
0.000394338457
0.0003937720437
0.0003932762527
0.0003928423176
0.0003924630106
0.0003921317925
0.000391843075
0.0003915919802
0.0003913744431
0.0003911870572
0.0003910269935
0.0003908921135
0.0003907809206
0.0003906925704
0.0003906269776
0.0003905848949
0.0003905680788
0.0003905794877
0.0003906235656
0.0003907066181
0.0003908373212
0.0003910273565
0.0003912922952
0.0003916526858
