0.01022448808
0.007209127897
0.00588059103
0.005090299165
0.004551591437
0.00415421812
0.00384553154
0.003596795788
0.003390820758
0.003216609635
0.003066756873
0.002820779831
0.002625849065
0.002466445364
0.002332941619
0.002167962122
0.002033666358
0.001921588109
0.001797436721
0.00167154373
0.0015688683
0.001467519118
0.001370936153
0.001291214575
0.001206593667
0.001129651662
0.001054248585
0.0009874834465
0.0009242489023
0.0008654491976
0.0008113932455
0.0007577844634
0.0007100784642
0.0006646260153
0.0006222033005
0.0005821587991
0.0005442306415
0.0005096350154
0.0004766518449
0.0004458744522
0.0004171858263
0.0003904970666
0.0003654883989
0.0003420040579
0.0003199721306
0.0002993558861
0.000280126105
0.0002620732326
0.0002452440121
0.0002295216306
0.0002147434026
0.0002009553623
0.0001880667337
0.0001759737349
0.0001646707251
0.0001541110154
0.0001442211273
0.000134975432
0.0001263362725
0.0001182401145
0.0001106819631
0.0001036102118
9.699806853e-05
9.081899335e-05
8.504559365e-05
7.965029402e-05
7.461621715e-05
6.99167011e-05
6.553526324e-05
6.145295573e-05
5.765468904e-05
5.412412391e-05
5.085017824e-05
4.782128288e-05
4.502828948e-05
4.246305032e-05
4.012009734e-05
3.799567901e-05
3.608710035e-05
3.439405706e-05
3.291787704e-05
3.166093018e-05
3.062678632e-05
2.981940398e-05
2.924281602e-05
2.890041396e-05
2.879440708e-05
2.892552114e-05
2.929287411e-05
2.989407935e-05
3.07256943e-05
3.178367471e-05
