0.01000440389
0.02000880778
0.03001321167
0.04001761556
0.05002201945
0.06002642335
0.07003082724
0.08003523113
0.09003963502
0.1000440389
0.1100484428
0.1300572506
0.1500660584
0.1700748661
0.1900836739
0.2200968856
0.2501100973
0.2801233089
0.3201409245
0.370162944
0.4201849634
0.4802113868
0.550242214
0.6202730412
0.7103126763
0.8103567152
0.9304095619
1.060466812
1.210532871
1.380607737
1.570691411
1.8007927
2.050902798
2.34103051
2.671175839
3.051343187
3.491536958
3.981752749
4.55200377
5.202290023
5.942615911
6.782985838
7.743408612
8.84389304
10.10444793
11.54508209
13.18580433
15.06663226
17.20757469
19.64864924
22.44988233
25.64128717
29.28289019
33.45472661
38.21682286
43.64921418
49.86194899
56.95507135
65.0486341
74.3127121
84.87736261
96.95267811
110.7487511
126.5056872
144.5036098
165.0726642
188.5530001
215.3848114
246.0283005
281.0337097
321.0113076
366.6914158
418.8643821
478.4606161
546.5305802
624.2948116
713.1239138
814.5785736
930.4795927
1062.877874
1214.104443
1386.850485
1584.167343
1809.566563
2067.039901
2361.139362
2697.087245
3080.826165
3519.179126
4019.889536
4591.851311
5245.188907
