0.390166679
0.1979837404
0.1330193466
0.1006804678
0.08094082658
0.067959719
0.05894196264
0.0519541027
0.04684754081
0.04239396607
0.03878468282
0.03328096983
0.02954433682
0.02638107355
0.02395554528
0.02209316482
0.01978606404
0.01803765684
0.01626964396
0.01481773373
0.01376134203
0.01267763722
0.01169533423
0.01082265377
0.0100886624
0.009540651863
0.009033169075
0.008624572766
0.008291068577
0.007975779231
0.007724618282
0.007507089387
0.007327872435
0.007177393672
0.007042656279
0.006912997699
0.006794420397
0.006661418934
0.00650969312
0.006346181212
0.006174589946
0.006003307207
0.005842243626
0.005695729203
0.005558954318
0.005426633703
0.00530563861
0.005190147319
0.005074669131
0.004961999529
0.004874189124
0.004803656049
0.004750928647
0.00469233292
0.004605926144
0.004478800925
0.004305388991
0.004080339916
0.003817948091
0.0035619098
0.003332194809
0.003127663659
0.002949042045
0.002785227936
0.002605480554
0.00244824259
0.00231922906
0.002187335786
0.0020828534
0.002000225277
0.001964252267
0.001925085176
0.001941064757
0.001953255364
0.0019612165
0.001950373942
0.001886095603
0.001792356535
0.001683290941
0.001554292257
0.001406363013
0.001191301628
0.0009425483787
0.0007509697336
0.0006527423616
0.0005628004837
0.0005735276146
0.0006223624047
0.0006087615965
0.0005850299792
0.0006523402764
